Shot1: 11559935.372064, 4313966.027273, 11563310.106151, 4314960.027273
testArea1: 123, 719, 131, 819
testArea2: 124, 729, 132, 829
Shot2: 11559934.372064, 4313963.027273, 11563311.106151, 4314963.027273
testArea3: 125, 739, 133, 839
testArea4: 126, 749, 134, 849
testArea5: 127, 759, 135, 859
testArea6: 128, 769, 136, 869
testArea7: 129, 779, 137, 879
